15
cyt_Osphranter_rufus            0.0000000 0.8238502 0.8170949 0.9897212 0.8093470 1.0028770 0.7602286 0.9039259 0.7967905 0.7594427 0.7778294 0.9472150 0.7951456 0.8648505 0.8882475 
cyt_Axis_axis                   0.8238502 0.0000000 0.4810858 0.9018659 0.4340212 0.6970255 0.4807910 0.7138473 0.5070964 0.6124178 0.6465727 0.6511197 0.5650952 0.8475673 0.6884286 
cyt_Babyrousa_babyrussa         0.8170949 0.4810858 0.0000000 0.9993856 0.5470483 0.6158554 0.1726251 0.7562122 0.1972679 0.5465692 0.5520652 0.7599923 0.7355849 0.9551596 0.5674408 
cyt_Erinaceus_europaeus         0.9897212 0.9018659 0.9993856 0.0000000 1.0625396 0.7549717 0.9211858 1.0242432 0.9995982 1.0671758 1.0414834 1.0139677 0.8966460 1.1488799 1.0089862 
cyt_Hyemoschus_aquaticus        0.8093470 0.4340212 0.5470483 1.0625396 0.0000000 0.7943330 0.4772682 0.7716145 0.5117580 0.5569103 0.5638108 0.7937154 0.6749861 0.9622640 0.6951764 
cyt_Neohylomys_hainanensis      1.0028770 0.6970255 0.6158554 0.7549717 0.7943330 0.0000000 0.5850612 0.8819856 0.6731244 0.9072755 0.9247434 0.7578116 0.8200089 0.8925361 0.7752586 
cyt_Phacocherus_africanus       0.7602286 0.4807910 0.1726251 0.9211858 0.4772682 0.5850612 0.0000000 0.7566645 0.1424453 0.5004498 0.5043413 0.6604209 0.7367061 0.8276442 0.5245781 
cyt_Brachylagus_idahoensis      0.9039259 0.7138473 0.7562122 1.0242432 0.7716145 0.8819856 0.7566645 0.0000000 0.8178447 0.8346214 0.9157155 0.8733479 0.2797168 0.7743485 0.8275520 
cyt_Sus_scrofa                  0.7967905 0.5070964 0.1972679 0.9995982 0.5117580 0.6731244 0.1424453 0.8178447 0.0000000 0.5004676 0.5040435 0.6818745 0.8521694 0.9784223 0.5693356 
cyt_Cephalorhynchus_commersonii 0.7594427 0.6124178 0.5465692 1.0671758 0.5569103 0.9072755 0.5004498 0.8346214 0.5004676 0.0000000 0.0378827 0.8810968 0.8747392 1.1843749 0.6993488 
cyt_Cephalorhynchus_heavisidii  0.7778294 0.6465727 0.5520652 1.0414834 0.5638108 0.9247434 0.5043413 0.9157155 0.5040435 0.0378827 0.0000000 0.8759569 0.8893921 1.2787938 0.7314101 
cyt_Crocidura_attenuata         0.9472150 0.6511197 0.7599923 1.0139677 0.7937154 0.7578116 0.6604209 0.8733479 0.6818745 0.8810968 0.8759569 0.0000000 0.7941658 0.8550915 0.8360338 
cyt_Lepus_alleni                0.7951456 0.5650952 0.7355849 0.8966460 0.6749861 0.8200089 0.7367061 0.2797168 0.8521694 0.8747392 0.8893921 0.7941658 0.0000000 0.7875856 0.8314351 
cyt_Coendou_pruinosus           0.8648505 0.8475673 0.9551596 1.1488799 0.9622640 0.8925361 0.8276442 0.7743485 0.9784223 1.1843749 1.2787938 0.8550915 0.7875856 0.0000000 0.8984706 
cyt_Solenodon_paradoxus         0.8882475 0.6884286 0.5674408 1.0089862 0.6951764 0.7752586 0.5245781 0.8275520 0.5693356 0.6993488 0.7314101 0.8360338 0.8314351 0.8984706 0.0000000 
