15
mit_osphranter_rufus           0.0000000 0.9192991 0.9031253 1.0159501 1.1017866 1.2252069 0.9133054 0.9626841 1.1182486 1.0729226 0.7816781 0.9993940 0.8983142 0.9140295 0.9188580 
mit_axis_axis                  0.9192991 0.0000000 0.4088695 0.6283767 0.6196505 0.8431588 0.3602404 0.6112659 0.7419913 0.7058523 0.3813692 0.6130765 0.4130447 0.4466390 0.4472526 
mit_babyrousa                  0.9031253 0.4088695 0.0000000 0.6479836 0.6315602 0.8535314 0.4431566 0.6188607 0.7436985 0.7111981 0.1402153 0.5606671 0.1315202 0.4592295 0.4603818 
mit_brachylagus_idahoensis     1.0159501 0.6283767 0.6479836 0.0000000 0.7771808 0.9313515 0.6416375 0.2460142 0.7965105 0.7463818 0.5807977 0.7512471 0.6507242 0.6784333 0.6832427 
mit_crocidura_attenuata        1.1017866 0.6196505 0.6315602 0.7771808 0.0000000 0.9333875 0.6432258 0.7471032 0.8752429 0.7969916 0.5668502 0.6920234 0.6389188 0.6912946 0.6910737 
mit_erinaceus_europeaus        1.2252069 0.8431588 0.8535314 0.9313515 0.9333875 0.0000000 0.9069197 0.9205614 0.7012452 1.0061336 0.7925717 0.9188549 0.8751972 0.8984534 0.9069131 
mit_hyemoschus_aquaticus       0.9133054 0.3602404 0.4431566 0.6416375 0.6432258 0.9069197 0.0000000 0.6273461 0.7586461 0.7200467 0.4194309 0.6468174 0.4317413 0.4565227 0.4571045 
mit_lepus_alleni               0.9626841 0.6112659 0.6188607 0.2460142 0.7471032 0.9205614 0.6273461 0.0000000 0.7708038 0.7100718 0.5747337 0.7221156 0.6191505 0.6665224 0.6614264 
mit_neohylomys_hainanensis     1.1182486 0.7419913 0.7436985 0.7965105 0.8752429 0.7012452 0.7586461 0.7708038 0.0000000 0.8636132 0.6869991 0.7810438 0.7596118 0.8042296 0.8141768 
mit_coendou_pruinosus          1.0729226 0.7058523 0.7111981 0.7463818 0.7969916 1.0061336 0.7200467 0.7100718 0.8636132 0.0000000 0.6546811 0.8101048 0.6946945 0.7371262 0.7404849 
mit_phacochoerus_africanus     0.7816781 0.3813692 0.1402153 0.5807977 0.5668502 0.7925717 0.4194309 0.5747337 0.6869991 0.6546811 0.0000000 0.5102511 0.1131382 0.4174881 0.4184868 
mit_solenodon_paradoxus_woodi  0.9993940 0.6130765 0.5606671 0.7512471 0.6920234 0.9188549 0.6468174 0.7221156 0.7810438 0.8101048 0.5102511 0.0000000 0.5601823 0.6585512 0.6614482 
mit_sus_scrofa_domestica       0.8983142 0.4130447 0.1315202 0.6507242 0.6389188 0.8751972 0.4317413 0.6191505 0.7596118 0.6946945 0.1131382 0.5601823 0.0000000 0.4420499 0.4407693 
mit_ephalorhynchus_commersonii 0.9140295 0.4466390 0.4592295 0.6784333 0.6912946 0.8984534 0.4565227 0.6665224 0.8042296 0.7371262 0.4174881 0.6585512 0.4420499 0.0000000 0.0282449 
mit_cephalorhynchus_heavisidii 0.9188580 0.4472526 0.4603818 0.6832427 0.6910737 0.9069131 0.4571045 0.6614264 0.8141768 0.7404849 0.4184868 0.6614482 0.4407693 0.0282449 0.0000000 
